pub struct ScoreDistribution;

impl ScoreDistribution {
  const SCORES: [f32; 81] = [
    0.0, 0.00109375, 0.001875, 0.00234375, 0.0025, 0.00234375, 0.001875, 0.00109375, 0.0,
    0.00109375, 0.0021875, 0.00296875, 0.0034375, 0.00359375, 0.0034375, 0.00296875, 0.0021875, 0.00109375,
    0.001875, 0.00296875, 0.00375, 0.00421875, 0.004375, 0.00421875, 0.00375, 0.00296875, 0.001875,
    0.00234375, 0.0034375, 0.00421875, 0.0046875, 0.00484375, 0.0046875, 0.00421875, 0.0034375, 0.00234375,
    0.0025, 0.00359375, 0.004375, 0.00484375, 0.005, 0.00484375, 0.004375, 0.00359375, 0.0025,
    0.00234375, 0.0034375, 0.00421875, 0.0046875, 0.00484375, 0.0046875, 0.00421875, 0.0034375, 0.00234375,
    0.001875, 0.00296875, 0.00375, 0.00421875, 0.004375, 0.00421875, 0.00375, 0.00296875, 0.001875,
    0.00109375, 0.0021875, 0.00296875, 0.0034375, 0.00359375, 0.0034375, 0.00296875, 0.0021875, 0.00109375,
    0.0, 0.00109375, 0.001875, 0.00234375, 0.0025, 0.00234375, 0.001875, 0.00109375, 0.0,
  ];

  pub fn get_score_at(i: u8) -> f32 {
    Self::SCORES[i as usize % 81]
  }
}